[gd_scene load_steps=8 format=2]

[ext_resource path="res://scene/scene_tardis/worldTardis.gd" type="Script" id=1]
[ext_resource path="res://testLevel.tres" type="Environment" id=2]
[ext_resource path="res://move/FPS.tscn" type="PackedScene" id=3]
[ext_resource path="res://scene/scene_tardis/studio.tscn" type="PackedScene" id=4]

[sub_resource type="BoxShape" id=1]
extents = Vector3( 0.255306, 1.7318, 0.589294 )

[sub_resource type="Animation" id=2]
resource_name = "open"
length = 0.533
tracks/0/type = "value"
tracks/0/path = NodePath("CollisionShape:translation")
tracks/0/interp = 1
tracks/0/loop_wrap = true
tracks/0/imported = false
tracks/0/enabled = true
tracks/0/keys = {
"times": PoolRealArray( 0, 0.5 ),
"transitions": PoolRealArray( 1, 1 ),
"update": 0,
"values": [ Vector3( 0, -0.134608, 0.698723 ), Vector3( -0.684528, -0.134608, 1.7679 ) ]
}
tracks/1/type = "value"
tracks/1/path = NodePath("CollisionShape:rotation_degrees")
tracks/1/interp = 1
tracks/1/loop_wrap = true
tracks/1/imported = false
tracks/1/enabled = true
tracks/1/keys = {
"times": PoolRealArray( 0, 0.5 ),
"transitions": PoolRealArray( 1, 1 ),
"update": 0,
"values": [ Vector3( 0, 0, 0 ), Vector3( 0, 128.785, 0 ) ]
}
tracks/2/type = "value"
tracks/2/path = NodePath("CollisionShape2:translation")
tracks/2/interp = 1
tracks/2/loop_wrap = true
tracks/2/imported = false
tracks/2/enabled = true
tracks/2/keys = {
"times": PoolRealArray( 0, 0.5 ),
"transitions": PoolRealArray( 1, 1 ),
"update": 0,
"values": [ Vector3( 0, -0.134608, -0.647866 ), Vector3( -0.717396, -0.134608, -1.64562 ) ]
}
tracks/3/type = "value"
tracks/3/path = NodePath("CollisionShape2:rotation_degrees")
tracks/3/interp = 1
tracks/3/loop_wrap = true
tracks/3/imported = false
tracks/3/enabled = true
tracks/3/keys = {
"times": PoolRealArray( 0, 0.5 ),
"transitions": PoolRealArray( 1, 1 ),
"update": 0,
"values": [ Vector3( 0, 0, 0 ), Vector3( 0, -104.492, 0 ) ]
}

[sub_resource type="BoxShape" id=3]
extents = Vector3( 1.75106, 1.6447, 1.29585 )

[node name="worldTardis" type="Spatial"]
script = ExtResource( 1 )

[node name="studio" parent="." instance=ExtResource( 4 )]

[node name="WorldEnvironment" type="WorldEnvironment" parent="."]
environment = ExtResource( 2 )

[node name="FPS" parent="." instance=ExtResource( 3 )]
transform = Transform( 1.4319, 0, 0, 0, 1.4319, 0, 0, 0, 1.4319, -3.6629, 1.32743, -0.139077 )

[node name="1" type="Camera" parent="."]
transform = Transform( 1, 0, 0, 0, 1, 0, 0, 0, 1, -3.663, 2.571, 4.154 )

[node name="2" type="Camera" parent="."]
transform = Transform( -4.37114e-08, -0.207912, 0.978148, 0, 0.978148, 0.207912, -1, 9.08811e-09, -4.27562e-08, -0.334, 2.558, -0.034 )

[node name="3" type="Camera" parent="."]
transform = Transform( 0.563613, 0.171743, -0.807988, 0, 0.978148, 0.207912, 0.826039, -0.117182, 0.551296, -17.7239, 3.5299, 3.46357 )

[node name="4" type="Camera" parent="."]
transform = Transform( -0.0144334, 0.20789, -0.978046, 0, 0.978148, 0.207912, 0.999896, 0.00300087, -0.014118, -19.9017, 2.7548, 0.235341 )

[node name="StaticBody" type="StaticBody" parent="."]
transform = Transform( 1, 0, 0, 0, 1, 0, 0, 0, 1, -14.3802, 2.45708, 0 )

[node name="CollisionShape" type="CollisionShape" parent="StaticBody"]
transform = Transform( 1, 0, 0, 0, 1, 0, 0, 0, 1, 0, -0.134608, 0.698723 )
shape = SubResource( 1 )

[node name="CollisionShape2" type="CollisionShape" parent="StaticBody"]
transform = Transform( 1, 0, 0, 0, 1, 0, 0, 0, 1, 0, -0.134608, -0.647866 )
shape = SubResource( 1 )

[node name="AnimationPlayer" type="AnimationPlayer" parent="StaticBody"]
anims/open = SubResource( 2 )

[node name="OmniLight" type="SpotLight" parent="."]
transform = Transform( 0.999994, -0.00218492, 0.00268983, -0.00267729, 0.00571905, 0.99998, -0.00220026, -0.999981, 0.00571317, 0, 7.5458, 0 )
light_energy = 0.265
spot_range = 40.704
spot_angle = 89.99

[node name="doorArea" type="Area" parent="."]
transform = Transform( 1, 0, 0, 0, 1, 0, 0, 0, 1, -13.7055, 0, 0 )

[node name="CollisionShape" type="CollisionShape" parent="doorArea"]
transform = Transform( 1, 0, -0.000645772, 0, 1, 0, 0.000645772, 0, 1, -0.459971, 2.2773, 0 )
shape = SubResource( 3 )

[connection signal="body_entered" from="doorArea" to="." method="_on_doorArea_body_entered"]
[connection signal="body_exited" from="doorArea" to="." method="_on_doorArea_body_exited"]
